0.496826 289694
0.454915 296203
0.454915 297618
0.454915 315522
0.325656 327809
0.325656 329052
0.325656 330324
0.325656 331678
0.325656 333022
0.325656 334336
0.325656 335621
0.325656 340765
0.314153 364722
0.234515 373555
0.234515 374868
0.234515 376097
0.234515 377483
0.234515 378892
0.234515 380257
0.234515 381549
0.234515 382896
0.234515 384165
0.234515 385567
0.234515 386816
0.234515 388115
0.234515 389487
0.234515 390850
0.234515 392250
0.234515 393823
0.234515 395098
0.234515 396518
0.234515 397761
0.234515 399148
0.234515 426258
0.234515 427583
0.234515 428822
0.234515 430850
0.234515 432095
0.234515 433340
0.234515 434741
0.234515 459563
0.234515 460802
0.234515 462077
0.234515 463406
0.234515 464697
0.234515 465940
0.234515 467210
0.234515 468563
0.212054 468755
0.212054 469985
0.212054 471224
0.128205 497862
0.128205 499257
0.128205 500545
0.128205 502260
0.128205 503605
0.128205 504986
0.128205 531288
0.128205 532533
0.128205 537981
0.128205 565330
0.128205 569018
0.102041 596367
0.102041 597749
0.102041 599001
0.102041 599762
0.0892857 630038
0.0892857 632728
0.0892857 646251
0.0892857 647655
0.0892857 648987
0.0892857 650316
0.0892857 651623
0.0833333 657217
0.0833333 684589
