0.680664 685248
0.680664 686588
0.680664 687978
0.680664 689268
0.680664 721572
0.680664 722965
0.680664 724259
0.491808 758208
0.491808 759581
0.491808 785824
0.204082 814789
0.204082 843755
0.204082 845051
0.204082 877581
0.204082 878903
0.178571 911432
0.178571 943961
0.178571 945188
0.178571 946524
0.178571 947892
0.178571 949118
0.178571 950486
0.178571 951857
0.178571 953238
0.178571 954564
0.178571 955828
0.178571 957082
0.178571 958384
0.178571 959624
0.178571 991148
0.123457 1023845
0.123457 1025172
0.1 1048479
0.1 1079333
0.0833333 1106499
0.0833333 1107799
0.0833333 1139492
0.0833333 1169616
0.0833333 1202115
0.0833333 1203523
0.0769231 1235890
0.0714286 1268676
0.0714286 1269965
0.0714286 1271341
0.0714286 1272582
0.0714286 1273994
0.0714286 1275265
0.0714286 1309197
