0.481771 171327
0.481771 172747
0.481771 174055
0.481771 175411
0.481771 176733
0.481771 178052
0.481771 178173
0.481771 178766
0.481771 179333
0.481771 179498
0.481771 180064
0.481771 180943
0.481771 186345
0.481771 207356
0.481771 208607
0.481771 209931
0.481771 211308
0.481771 212573
0.481771 212676
0.481771 213825
0.481771 214049
0.481771 214125
0.334029 214600
0.334029 215394
0.334029 215926
0.334029 217268
0.334029 218703
0.334029 220146
0.334029 247176
0.334029 247241
0.334029 247784
0.334029 248584
0.334029 249881
0.334029 251114
0.334029 251278
0.334029 252464
0.334029 252695
0.334029 253855
0.334029 255149
0.334029 256447
0.334029 257758
0.334029 259046
0.334029 260349
0.334029 261625
0.334029 263011
0.334029 264452
0.334029 265738
0.334029 267090
0.334029 268510
0.334029 277021
0.334029 277397
0.334029 278460
0.334029 278730
0.334029 279776
0.334029 279987
0.334029 281106
0.334029 281397
0.334029 283659
0.334029 284956
0.334029 296289
0.245904 308592
0.245904 310013
0.245904 311351
0.208519 314088
0.208519 315515
0.208519 317772
0.208519 319172
0.208519 320615
0.208519 324844
0.208519 326188
0.208519 327528
0.208519 328828
0.208519 330125
0.208519 331486
0.208519 341504
0.208519 342831
0.208519 344250
0.208519 345552
0.208519 348331
0.208519 349687
0.208519 351118
0.208519 351669
0.208519 352505
0.208519 352922
0.208519 353933
0.208519 354324
0.208519 355296
0.208519 355688
0.208519 356630
0.208519 357046
0.208519 358069
0.208519 358420
0.208519 359450
0.208519 359754
0.208519 360832
0.208519 361136
0.208519 362147
0.208519 362494
0.208519 363464
0.208519 363902
0.208519 364468
0.208519 364726
0.208519 365270
0.208519 365774
0.208519 365976
0.208519 366708
0.208519 367135
0.208519 367373
0.208519 368066
0.208519 368557
0.208519 368732
0.208519 369317
0.208519 369944
0.208519 370152
0.208519 370693
0.208519 371271
0.208519 371512
0.208519 372102
0.208519 372537
0.208519 373417
0.208519 373823
0.208519 374860
0.208519 375149
0.208519 376124
0.208519 376449
0.208519 377492
0.208519 377762
0.18378 378533
0.18378 378823
0.18378 379210
0.18378 379945
0.18378 380106
0.18378 380593
0.18378 381200
0.18378 381399
0.18378 381942
0.18378 382554
0.18378 382812
0.18378 383226
0.18378 383876
0.18378 384170
0.18378 384594
0.18378 385126
0.18378 385539
0.18378 385933
0.18378 386504
0.18378 386845
0.18378 387938
0.18378 388270
0.18378 389323
0.18378 389620
0.18378 390767
0.18378 390873
0.18378 392040
0.18378 393415
0.18378 404328
0.18378 405715
0.18378 418750
0.18378 421929
0.18378 423309
0.18378 424651
0.18378 425978
0.18378 426399
0.18378 427327
0.18378 428762
0.0952381 438702
0.0952381 440092
0.0952381 441512
0.0952381 442776
0.0833333 451739
0.0833333 453003
0.0833333 454399
0.0833333 459387
0.0740741 461750
0.0740741 463132
0.0740741 464562
0.0740741 475593
0.0740741 477012
