0.27771 301136
1.21772 328910
0.27771 302544
1.21772 330270
0.27771 303651
1.21772 331677
1.21772 333097
0.27771 303844
1.21772 334323
0.27771 304965
1.21772 335677
0.27771 305226
1.21772 337023
0.27771 306342
1.21772 338397
0.27771 306492
1.21772 339716
0.27771 307726
1.21772 340988
0.27771 307752
1.21772 342265
0.27771 308990
1.21772 343626
0.27771 309055
1.21772 344889
0.27771 310308
1.10867 345988
0.27771 310392
1.10867 346228
0.27771 311639
1.10867 347400
0.27771 311695
1.10867 347547
0.27771 313021
1.10867 348791
0.27771 313087
1.10867 348816
0.27771 314345
1.10867 350119
0.27771 314447
1.10867 350205
0.27771 315664
1.10867 351535
0.27771 315846
0.27771 316983
1.10867 352840
0.27771 317222
1.10867 352984
0.27771 318377
1.10867 354089
0.27771 318600
1.10867 354251
0.27771 319645
1.10867 355415
0.27771 319875
1.10867 355539
0.27771 320976
1.10867 356755
0.27771 321134
1.10867 356916
0.27771 322206
1.10867 358129
0.27771 322494
1.10867 358164
0.27771 323496
1.10867 359437
0.27771 323834
1.10867 359494
0.27771 324837
1.00144 384905
0.27771 325235
1.00144 386255
0.27771 326255
1.00144 387498
0.27771 326534
1.00144 388801
0.27771 327528
1.00144 390045
0.27771 327901
1.00144 391293
0.27771 328876
0.950288 392279
0.27771 329208
0.950288 392580
0.27771 330243
0.950288 393588
0.27771 330450
0.950288 393898
0.27771 331584
0.950288 394833
0.27771 331765
0.950288 395213
0.27771 332941
0.950288 396202
0.27771 333064
0.950288 396522
0.27771 334285
0.950288 397590
0.27771 334377
0.950288 397754
0.27771 335558
0.950288 398947
0.27771 335671
0.950288 399136
0.27771 336803
0.950288 400279
0.27771 336905
0.950288 400451
0.27771 338108
0.950288 401596
0.27771 338232
0.950288 401690
0.27771 339386
0.950288 402974
0.27771 339463
0.27771 340650
0.950288 403016
0.27771 340874
0.950288 404255
0.27771 342052
0.950288 404353
0.27771 342218
0.950288 405642
0.27771 343303
0.950288 405714
0.27771 343475
0.950288 407022
0.27771 344553
0.950288 407107
0.27771 344766
0.950288 408322
0.27771 345870
0.950288 408525
0.27771 346052
0.950288 409600
0.27771 347215
0.950288 409895
0.27771 347443
0.950288 410865
0.27771 348519
0.950288 411298
0.27771 348813
0.950288 412132
0.27771 349934
0.950288 412662
0.27771 350118
0.950288 413453
0.27771 351312
0.950288 414070
0.27771 351447
0.950288 414701
0.27771 352731
0.950288 415403
0.27771 352863
0.950288 415978
0.27771 353990
0.950288 416665
0.27771 354154
