0.976953 543016
0.976953 544380
0.976953 567735
0.976953 569013
0.976953 582983
0.976953 584213
0.976953 585458
0.976953 586790
0.976953 605314
0.976953 624600
0.976953 626022
0.928125 647867
0.928125 668355
0.928125 669649
0.928125 670908
0.928125 672189
0.928125 673429
0.806966 698761
0.806966 700072
0.747396 726235
0.747396 727641
0.747396 728918
0.747396 730277
0.747396 731589
0.662435 754692
0.662435 756063
0.662435 757389
0.662435 758639
0.662435 780871
0.617327 810465
0.617327 811689
0.524786 841543
0.524786 874382
0.524786 901299
0.524786 902711
0.524786 904041
0.524786 936577
0.524786 963494
0.524786 964908
0.524786 966282
0.524786 967529
0.524786 998262
0.524786 999626
0.524786 1000937
0.524786 1002273
0.524786 1031245
0.524786 1064084
0.524786 1094817
0.524786 1096060
0.524786 1125654
0.524786 1126883
0.524786 1128179
0.524786 1129597
0.524786 1131017
0.524786 1157179
0.524786 1158490
0.524786 1188954
0.524786 1190323
0.524786 1219916
0.524786 1221188
0.524786 1222553
0.524786 1223782
0.524786 1225063
0.524786 1226318
0.524786 1252477
0.524786 1253822
0.524786 1255208
0.524786 1256586
0.524786 1257934
0.524786 1259282
0.524786 1293135
0.524786 1294476
0.524786 1295729
0.524786 1297143
0.524786 1298475
0.524786 1299876
0.524786 1301235
0.524786 1302499
0.524786 1329412
0.524786 1330720
0.524786 1332037
0.524786 1333396
0.524786 1334775
0.524786 1335999
0.524786 1337390
0.524786 1370225
0.524786 1371546
0.524786 1372822
0.512277 1401791
0.512277 1403114
0.512277 1404334
0.448242 1436866
0.448242 1438211
0.448242 1439466
0.448242 1440770
0.448242 1442082
0.448242 1443341
0.448242 1444599
0.448242 1445956
0.448242 1447283
0.448242 1448502
0.448242 1482352
0.448242 1483621
0.448242 1513469
0.448242 1546000
0.448242 1547292
0.448242 1548612
0.448242 1582462
0.448242 1583708
0.448242 1584947
0.448242 1586208
0.448242 1587598
0.448242 1589014
0.448242 1590380
0.448242 1591703
0.448242 1593020
0.448242 1594270
0.448242 1595554
0.448242 1596939
0.448242 1598343
0.448242 1631882
0.448242 1633191
0.448242 1634444
0.448242 1635753
0.448242 1637098
0.448242 1638405
0.448242 1639646
0.448242 1640972
0.448242 1669940
0.448242 1698908
0.448242 1730726
0.448242 1763561
0.448242 1764932
0.448242 1766338
0.448242 1767571
0.448242 1768969
0.448242 1770387
0.448242 1799355
0.448242 1830881
0.448242 1832144
0.448242 1833546
0.448242 1865364
0.448242 1866669
0.448242 1867962
0.448242 1869321
0.448242 1870655
0.448242 1872062
0.448242 1873466
0.448242 1904992
0.448242 1936810
0.448242 1969342
0.448242 1970614
0.448242 1971940
0.448242 1973187
0.448242 2005006
0.448242 2006318
0.448242 2007704
0.448242 2009088
0.448242 2041121
0.448242 2042487
0.448242 2071206
0.448242 2100175
0.448242 2124828
0.448242 2126188
0.448242 2127409
0.448242 2128634
0.448242 2129874
0.448242 2131289
0.448242 2132555
0.448242 2160645
0.448242 2161895
0.448242 2163235
0.448242 2164642
0.448242 2165950
0.448242 2167294
0.448242 2193455
0.448242 2194776
0.448242 2226595
0.448242 2227939
0.448242 2229337
0.448242 2230588
0.448242 2231920
0.448242 2233177
0.448242 2262146
0.448242 2293190
0.448242 2294473
0.448242 2295792
0.448242 2297121
0.448242 2298441
0.448242 2326530
0.448242 2327824
0.448242 2329193
0.448242 2330468
0.448242 2361995
0.42867 2395535
0.42867 2396868
0.42867 2398235
0.42867 2399630
0.42867 2400916
0.42867 2402322
0.42867 2403730
0.42867 2405008
0.42867 2437844
0.42867 2439174
0.42867 2472011
0.42867 2473391
0.42867 2474739
0.42867 2476146
0.42867 2477437
0.42867 2478807
0.42867 2480064
0.42867 2481406
0.42867 2514243
0.42867 2515469
0.42867 2516765
0.42867 2517993
0.42867 2519230
0.42867 2520473
0.42867 2521726
0.42867 2523055
0.41183 2556908
0.41183 2589744
0.41183 2591022
0.41183 2592300
0.41183 2593599
0.369931 2624329
0.369931 2625551
0.369931 2626899
0.369931 2628315
0.369931 2629717
0.369931 2660447
0.369931 2661703
0.369931 2662974
0.369931 2692565
0.369931 2718725
0.369931 2720097
0.369931 2721360
0.369931 2722735
0.369931 2724124
0.369931 2725497
0.369931 2726748
0.369931 2728145
0.369931 2759480
0.369931 2789332
0.369931 2790687
0.369931 2791921
0.369931 2793244
0.369931 2822837
0.369931 2849000
0.369931 2850341
0.369931 2881678
0.369931 2883013
0.369931 2884388
0.369931 2885728
0.369931 2887093
0.369931 2888442
0.369931 2889750
0.369931 2919602
0.369931 2952138
0.369931 2953428
0.32369 2985964
0.178571 3018499
0.178571 3051337
0.178571 3079427
0.178571 3080806
0.178571 3082143
0.178571 3083431
0.178571 3084671
0.178571 3085949
0.178571 3117770
0.178571 3119186
0.178571 3120460
0.178571 3121780
0.178571 3123161
0.178571 3154690
0.178571 3155983
0.178571 3157290
0.178571 3158709
0.178571 3160071
0.178571 3161389
0.178571 3162766
0.178571 3164049
0.178571 3197903
0.178571 3199155
0.178571 3200527
0.178571 3201919
0.178571 3231769
0.178571 3233066
0.178571 3234406
0.178571 3263997
0.178571 3265292
0.178571 3290697
0.178571 3292009
0.178571 3320728
0.178571 3322014
0.178571 3323420
0.178571 3352139
0.178571 3385161
0.178571 3386413
0.178571 3387743
0.178571 3389137
0.178571 3390457
0.178571 3391856
0.178571 3393168
0.178571 3424987
0.178571 3426228
0.178571 3456078
0.178571 3457324
0.178571 3458568
0.178571 3459945
0.178571 3461193
0.178571 3490162
0.178571 3521690
0.178571 3554527
0.178571 3586348
0.178571 3587730
0.178571 3589023
0.178571 3617115
0.178571 3618525
0.178571 3619888
0.178571 3621290
0.178571 3622644
0.178571 3623940
0.178571 3625297
0.178571 3626664
0.178571 3658194
0.178571 3659615
0.178571 3660919
0.178571 3662240
0.178571 3695078
0.178571 3696319
0.178571 3730172
0.178571 3731496
0.178571 3732837
0.178571 3734139
0.178571 3735378
0.178571 3736688
0.178571 3762849
0.178571 3764228
0.178571 3796048
0.178571 3821454
0.178571 3822789
0.178571 3824043
0.178571 3825416
0.178571 3826791
0.178571 3859627
0.178571 3860943
0.178571 3862339
0.178571 3863571
0.178571 3894033
0.178571 3895425
0.178571 3927958
0.178571 3929285
0.178571 3930662
0.178571 3932056
0.178571 3933388
0.178571 3934748
0.178571 3963467
0.178571 3964880
0.178571 3966188
0.178571 3967560
0.178571 3968856
0.178571 3970174
0.178571 3971590
0.178571 3972889
0.178571 3974122
0.178571 3975455
0.178571 3976814
0.178571 4009650
0.178571 4010886
0.178571 4012189
0.178571 4013552
0.178571 4014808
0.178571 4016225
0.178571 4017563
0.178571 4018870
0.178571 4020096
0.178571 4021323
0.178571 4022675
0.178571 4050764
0.178571 4052117
0.178571 4053370
0.178571 4054708
0.178571 4084558
0.178571 4085893
0.178571 4087299
0.178571 4088554
0.178571 4089863
0.178571 4123403
0.178571 4124641
0.178571 4156170
0.178571 4157456
0.178571 4187308
0.178571 4218837
0.178571 4250366
0.178571 4282901
0.178571 4284135
0.178571 4285390
0.178571 4286675
0.178571 4320217
0.178571 4321490
0.178571 4322895
0.178571 4324239
0.178571 4325476
0.178571 4326825
0.178571 4328175
0.178571 4361013
0.178571 4362236
0.178571 4363526
0.178571 4364922
0.178571 4366229
0.178571 4367461
0.178571 4368882
0.178571 4370277
0.178571 4403819
0.178571 4405171
0.178571 4406577
0.178571 4407875
0.178571 4409134
0.178571 4410433
0.178571 4411800
0.178571 4413202
0.178571 4414459
0.178571 4446994
0.178571 4480848
0.178571 4509569
0.178571 4510872
0.178571 4512111
0.178571 4513356
0.178571 4514725
0.178571 4543038
0.178571 4544303
0.178571 4545694
0.178571 4547016
0.178571 4548247
0.15625 4581789
0.15625 4583175
0.15625 4584411
0.15625 4585760
0.15625 4617581
0.15625 4618811
0.15625 4620063
0.15625 4653605
0.15625 4655000
0.15625 4656318
0.15625 4657570
0.15625 4658927
0.15625 4660262
0.15625 4661512
0.15625 4662822
0.15625 4694351
0.15625 4723944
0.15625 4725205
0.15625 4726598
0.15625 4728013
0.15625 4760548
0.15625 4761931
0.15625 4763168
0.15625 4764547
0.15625 4797385
0.15625 4798704
0.15625 4799944
0.15625 4801178
0.15625 4802440
0.15625 4803755
0.15625 4805145
0.15625 4806410
0.15625 4807829
0.15625 4837681
0.15625 4838961
0.15625 4840287
0.15625 4841685
0.15625 4843064
0.15625 4844403
0.15625 4845726
0.15625 4879268
0.15625 4880682
0.15625 4906844
0.15625 4908149
0.15625 4938881
0.15625 4940235
0.15625 4941640
0.15625 4942926
0.15625 4944162
0.15625 4945423
0.15625 4976469
0.15625 5005440
0.15625 5006696
0.15625 5040550
0.15625 5070402
0.15625 5071645
0.15625 5073048
0.15625 5106590
0.15625 5107960
0.15625 5109309
0.15625 5110569
0.15625 5111839
0.15625 5113112
0.15625 5114428
0.15625 5115673
0.15625 5116945
0.15625 5118184
0.15625 5119533
0.15625 5120841
0.15625 5122262
0.15625 5123594
0.15625 5124881
0.15625 5126239
0.15625 5127542
0.15625 5159071
0.15625 5191910
0.15625 5224446
0.15625 5256059
0.15625 5287880
0.15625 5289241
0.15625 5290481
0.15625 5324335
0.15625 5348987
0.15625 5350351
0.15625 5351604
0.15625 5352954
0.15625 5354298
0.15625 5355576
0.15625 5356871
0.15625 5358121
0.15625 5359370
0.15625 5360690
0.15625 5362079
0.15625 5363308
0.15625 5364552
0.15625 5365911
0.15625 5397440
0.15625 5398777
0.15625 5400096
0.15625 5401365
0.15625 5429456
0.15625 5453354
0.15625 5485889
0.15625 5519901
0.15625 5521316
0.15625 5522711
0.15625 5548118
0.15625 5549470
0.15625 5550885
0.15625 5580943
0.15625 5582293
0.15625 5611264
0.15625 5612516
0.15625 5613747
0.15625 5641839
0.15625 5675694
0.15625 5676964
0.15625 5707697
0.15625 5736669
0.15625 5768199
0.15625 5769465
0.15625 5770756
0.15625 5772098
0.15625 5799309
0.15625 5823208
0.15625 5824597
0.15625 5825856
0.15625 5827235
0.15625 5860778
0.15625 5893617
0.15625 5894867
0.15625 5896153
0.15625 5897520
0.15625 5898856
0.15625 5927829
0.15625 5929237
0.15625 5930475
0.15625 5931864
0.15625 5933217
0.15625 5934501
0.15625 5935794
0.15625 5937025
0.15625 5938326
0.15625 5939551
0.15625 5940906
0.15625 5942155
0.15625 5943486
0.15625 5944829
0.15625 5946077
0.15625 5947416
0.15625 5948719
0.15625 5981255
0.15625 5982606
0.15625 5983949
0.15625 5985324
0.15625 6016057
0.15625 6017310
0.15625 6018703
0.15625 6019942
0.15625 6021175
0.15625 6022414
0.15625 6023828
0.15625 6048483
0.15625 6049761
0.15625 6051023
0.15625 6052328
0.15625 6053617
0.15625 6055036
0.15625 6056388
0.15625 6057780
0.15625 6059136
0.15625 6060502
0.15625 6089476
0.15625 6090860
0.15625 6092148
0.15625 6093491
0.15625 6094881
0.15625 6127419
0.15625 6128798
0.15625 6130162
0.15625 6131391
0.15625 6161245
0.15625 6162473
0.15625 6163775
0.15625 6165038
0.15625 6166456
0.15625 6167831
0.15625 6201376
0.15625 6229654
0.15625 6238456
0.15625 6239845
0.15625 6241170
0.15625 6242517
0.15625 6243801
0.15625 6245213
0.15625 6246454
0.15625 6247868
0.15625 6249220
0.15625 6250480
0.15625 6251820
0.15625 6253069
0.15625 6254379
0.15625 6276179
0.15625 6277496
0.15625 6278762
0.15625 6280049
0.15625 6281282
0.15625 6282517
0.15625 6283857
0.15625 6285265
0.15625 6286488
0.15625 6287878
0.15625 6289118
0.15625 6290431
0.15625 6291783
0.15625 6293013
0.15625 6294434
0.15625 6295830
0.15625 6297200
0.15625 6298434
0.15625 6299831
0.15625 6301151
0.15625 6302405
0.15625 6303723
0.15625 6305146
0.15625 6306392
0.15625 6334486
0.15625 6335855
0.15625 6337156
0.15625 6338391
0.15625 6339739
0.15625 6370474
0.15625 6371781
0.15625 6373126
0.15625 6374365
0.15625 6375616
0.15625 6377013
0.15625 6378380
0.15625 6379756
0.15625 6381162
0.15625 6382582
0.15625 6413389
0.15625 6414708
0.15625 6445443
0.15625 6446725
0.15625 6448105
0.15625 6449365
0.15625 6450631
0.15625 6451912
0.15625 6453275
0.15625 6484891
0.15625 6513865
0.15625 6515144
0.15625 6516369
0.15625 6544221
0.15625 6545603
0.15625 6546990
0.15625 6580848
0.15625 6582240
0.15625 6583646
0.15625 6584933
0.15625 6586285
0.15625 6587576
0.15625 6621432
0.15625 6622826
0.15625 6624206
0.15625 6625511
0.15625 6626899
0.15625 6628269
0.15625 6629610
0.15625 6660345
0.15625 6661589
0.15625 6694127
0.15625 6695496
0.15625 6696809
0.15625 6727616
0.15625 6728868
0.15625 6730234
0.15625 6731635
0.15625 6733006
0.15625 6734287
0.15625 6735583
0.15625 6765438
0.15625 6766712
0.15625 6795441
0.15625 6796681
0.15625 6822791
0.15625 6824154
0.15625 6825548
0.15625 6855403
0.15625 6856689
0.15625 6858065
0.15625 6859450
0.15625 6860847
0.15625 6891654
0.15625 6893042
0.15625 6894428
0.15625 6895768
0.15625 6928610
0.15625 6929847
0.15625 6931215
0.15625 6961950
0.15625 6963337
0.15625 6995974
0.15625 6997382
0.15625 6998618
0.15625 7000021
0.15625 7001413
0.15625 7002686
0.15625 7036156
0.15625 7037574
0.15625 7059968
0.15625 7061279
0.15625 7062612
0.15625 7063986
0.15625 7065359
0.15625 7066639
0.15625 7067939
0.15625 7069169
0.15625 7070476
0.15625 7071849
0.15625 7073093
0.15625 7074486
0.15625 7075866
0.15625 7077166
0.15625 7078501
0.15625 7079745
0.15625 7081046
0.15625 7114591
0.15625 7116001
0.15625 7117360
0.15625 7118644
0.15625 7120029
0.15625 7121341
0.15625 7151197
0.15625 7152501
0.15625 7153807
0.15625 7155177
0.15625 7156494
0.15625 7157790
0.15625 7159034
0.138889 7192975
0.138889 7194315
0.138889 7195539
0.138889 7196808
0.138889 7198075
0.138889 7199312
0.138889 7200569
0.138889 7201877
0.138889 7203290
0.138889 7204610
0.138889 7205869
0.138889 7207278
0.138889 7208633
0.138889 7209860
0.138889 7236193
0.138889 7237520
0.138889 7264733
0.138889 7266136
0.138889 7267442
0.138889 7268686
0.138889 7299213
0.138889 7300530
0.138889 7301802
0.138889 7334440
0.138889 7335724
0.138889 7368430
0.138889 7369693
0.138889 7371098
0.138889 7372416
0.138889 7373839
0.138889 7375222
0.138889 7376603
0.138889 7406193
0.138889 7407588
0.138889 7441061
0.138889 7442346
0.138889 7443688
0.138889 7445044
0.138889 7446307
0.138889 7475086
0.138889 7504876
0.138889 7506131
0.138889 7533499
0.138889 7534789
0.138889 7536183
0.138889 7564957
0.138889 7566305
0.138889 7567539
0.138889 7568912
0.138889 7570218
0.138889 7593859
0.138889 7595160
0.138889 7596539
0.138889 7630090
0.138889 7631383
0.138889 7632687
0.138889 7664781
0.138889 7666136
0.138889 7667374
0.138889 7668795
0.138889 7670191
0.138889 7671567
0.138889 7672815
0.138889 7704913
0.138889 7706220
0.138889 7707518
0.138889 7736496
0.138889 7737919
0.138889 7769748
0.138889 7771016
0.138889 7772307
0.138889 7773690
0.138889 7775051
0.138889 7776346
0.138889 7777769
0.138889 7807563
0.138889 7838093
0.138889 7839344
0.138889 7871663
0.138889 7872963
0.138889 7874284
0.138889 7907669
0.138889 7909070
0.138889 7941384
0.138889 7970912
0.138889 7972182
0.138889 8002999
0.138889 8035713
0.138889 8065512
0.138889 8097823
0.138889 8099116
0.138889 8100403
0.138889 8101707
0.138889 8103068
0.138889 8130579
0.138889 8131992
0.138889 8133377
0.138889 8134761
0.138889 8136183
0.138889 8137428
0.138889 8138754
0.138889 8140083
0.138889 8171909
0.138889 8200005
0.138889 8230043
0.138889 8259565
0.138889 8260822
0.138889 8290344
0.138889 8318859
0.138889 8320256
0.138889 8321650
0.138889 8322994
0.138889 8353522
0.138889 8354831
0.138889 8356059
0.138889 8389308
0.138889 8390697
0.138889 8392086
0.138889 8424181
0.138889 8425574
0.138889 8426908
0.138889 8428220
0.138889 8429567
0.138889 8430896
0.138889 8432197
0.138889 8433432
0.138889 8465259
0.138889 8466638
0.138889 8468034
0.138889 8496549
0.138889 8497833
0.138889 8531082
0.138889 8532392
0.138889 8533654
0.138889 8535072
0.138889 8536350
0.138889 8537696
0.138889 8538926
0.138889 8569868
0.138889 8601402
0.138889 8632344
0.138889 8633618
0.138889 8661127
0.138889 8662542
0.138889 8690638
0.138889 8717856
0.138889 8719106
0.138889 8720431
0.138889 8721674
0.138889 8753251
0.138889 8754596
0.138889 8755974
0.138889 8757230
