0.142857 658772
0.142857 690924
0.142857 692189
0.142857 693432
0.142857 694770
0.142857 696047
0.142857 697431
0.142857 698769
0.142857 700061
0.142857 701284
0.142857 702528
0.142857 703796
0.142857 705184
0.142857 706594
0.142857 707880
0.142857 709200
0.142857 710536
0.142857 711846
0.142857 713106
0.142857 714464
0.142857 715773
0.142857 717182
0.142857 718574
0.142857 719926
0.142857 721217
0.142857 722577
0.142857 723959
0.142857 725286
0.142857 726581
0.142857 727874
0.142857 729235
0.142857 730465
0.142857 731811
0.142857 733072
0.142857 734473
0.142857 735749
0.142857 737159
0.142857 738410
0.142857 739810
0.142857 741034
0.142857 742381
0.142857 743787
0.142857 745012
0.142857 746412
0.142857 747755
0.142857 749068
0.142857 750400
0.142857 751695
0.142857 753004
0.142857 754378
0.142857 755763
0.142857 757097
0.142857 758329
0.142857 759673
0.142857 761006
0.142857 794566
0.142857 795971
0.142857 797216
0.142857 798557
0.142857 799971
0.142857 801206
0.142857 802440
0.142857 803754
0.142857 805051
0.142857 806338
0.142857 807604
0.142857 808913
0.142857 810148
0.142857 811387
0.142857 812803
0.142857 814115
0.142857 815490
0.142857 816802
0.142857 818035
0.142857 819375
0.142857 820782
0.142857 822028
0.142857 823291
0.142857 824645
0.142857 826028
0.142857 827361
0.142857 828763
0.142857 830101
0.142857 831341
0.142857 832596
0.142857 834003
0.142857 835395
0.142857 836703
0.0909091 861940
0.0909091 863284
0.0909091 864648
0.0909091 865876
0.0909091 867259
0.0909091 868648
0.0909091 870029
0.0909091 871444
0.0909091 872840
0.0909091 874209
0.0909091 875482
0.0909091 876849
0.0909091 878213
0.0909091 879602
0.0909091 880973
0.0909091 882283
0.0909091 883651
0.0909091 884924
0.0909091 886188
0.0909091 887418
0.0909091 888797
0.0909091 890085
0.0909091 891392
0.0909091 892661
0.0909091 894072
0.0909091 895303
0.0909091 896560
0.0909091 897909
0.0909091 899242
0.0909091 900614
0.0909091 901944
0.0909091 903358
0.0909091 904763
0.0909091 906122
0.0909091 907500
0.0909091 908820
0.0909091 910137
0.0909091 911536
