1.11084 315994
1 327388
1 332797
0.277778 358148
0.277778 359536
0.277778 359971
0.277778 360891
0.277778 361314
0.277778 362206
0.277778 362667
0.277778 363534
0.277778 363956
0.277778 364854
0.277778 365348
0.277778 366271
0.277778 366738
0.277778 367577
0.277778 368058
0.277778 368837
0.277778 369395
0.277778 382974
0.277778 383533
0.277778 384227
0.277778 385625
0.277778 397671
0.277778 405261
0.277778 412841
0.277778 420431
0.25 434891
0.25 446502
0.238095 451196
0.238095 452438
0.238095 458112
0.238095 459498
0.238095 476163
0.208333 483204
0.208333 484552
0.208333 492828
0.208333 504015
0.208333 505325
0.208333 506751
0.208333 525756
0.208333 537457
0.208333 538715
0.208333 552934
0.208333 569481
0.208333 570805
0.208333 572098
0.208333 585443
0.208333 591689
0.208333 616210
0.208333 624619
0.208333 639136
0.208333 655326
0.208333 656684
0.208333 662691
0.208333 680239
0.208333 681582
0.208333 690751
0.208333 692050
0.208333 693371
0.208333 694641
0.208333 702286
0.2 718195
0.2 724338
0.2 742234
0.2 749394
0.2 764471
0.2 771447
0.2 772749
0.2 781840
0.2 796287
0.2 803893
0.2 813654
0.2 819134
0.2 837208
0.2 837615
0.2 854985
0.2 860761
0.2 874624
0.2 878162
0.142857 896682
0.142857 906423
0.142857 916325
0.111111 933201
0.111111 934481
0.111111 935962
0.111111 959519
0.111111 960783
0.111111 968122
0.111111 969434
0.111111 970870
0.111111 988551
0.0909091 1004516
0.0909091 1005809
0.0909091 1007125
0.0909091 1008505
0.0909091 1009799
0.0909091 1011104
0.0909091 1012466
0.0909091 1012636
0.0909091 1041786
0.0909091 1042252
0.0909091 1043529
0.0909091 1044889
0.0909091 1046271
0.0909091 1075179
0.0909091 1075890
0.0909091 1077325
0.0909091 1078578
0.0909091 1079958
0.0909091 1081335
0.0909091 1108740
0.0909091 1109982
0.0909091 1111416
0.0909091 1112657
0.0909091 1113510
0.0909091 1113905
0.0909091 1114940
0.0909091 1115217
0.0909091 1116268
0.0909091 1116639
0.0909091 1117527
0.0909091 1146848
0.0909091 1148272
0.0909091 1149266
0.0909091 1149521
0.0909091 1150644
0.0909091 1152005
0.0909091 1153386
0.0909091 1154805
0.0909091 1156206
0.0909091 1157642
0.0909091 1158915
0.0909091 1160277
0.0909091 1161630
0.0909091 1162909
0.0909091 1164268
0.0909091 1165692
0.0909091 1183544
0.0909091 1184793
0.0909091 1199710
0.0909091 1201123
0.0909091 1202522
0.0909091 1203951
0.0909091 1205287
0.0909091 1218019
0.0909091 1219295
0.0909091 1220723
0.0909091 1222063
0.0909091 1223390
0.0909091 1224692
0.0909091 1226024
0.0909091 1227452
0.0909091 1228820
0.0909091 1234591
0.0909091 1235850
0.0909091 1256844
0.0909091 1258137
0.0909091 1259405
0.0909091 1260786
0.0909091 1262117
0.0909091 1263396
0.0909091 1264683
0.0909091 1266067
0.0909091 1267367
0.0909091 1268772
0.0854701 1269873
0.0854701 1270140
0.0854701 1271263
0.0714286 1302942
0.0714286 1304236
0.0714286 1305280
0.0714286 1336616
0.0714286 1337664
0.0714286 1339072
0.0714286 1367656
0.0714286 1368985
0.0714286 1369841
0.0714286 1370331
0.0714286 1371170
0.0714286 1371686
0.0714286 1372600
0.0714286 1373035
0.0714286 1373924
0.0714286 1374443
0.0714286 1375244
0.0714286 1375832
0.0714286 1376572
0.0714286 1377096
0.0714286 1377958
0.0714286 1378378
0.0714286 1407493
0.0714286 1408894
0.0714286 1410934
0.0714286 1412245
0.0714286 1413575
0.0714286 1414963
0.0714286 1416382
0.0714286 1417655
0.0714286 1418977
0.0714286 1420271
0.0714286 1421653
0.0714286 1422994
0.0714286 1424323
0.0714286 1425701
0.0714286 1439650
0.0714286 1441030
0.0714286 1442288
0.0714286 1458676
0.0714286 1460059
0.0714286 1461303
0.0714286 1462732
0.0714286 1464018
0.0714286 1465316
0.0714286 1466744
0.0714286 1471407
0.0714286 1472724
0.0714286 1474077
0.0714286 1475336
0.0714286 1476753
0.0714286 1478005
0.0714286 1479314
0.0714286 1499749
0.0714286 1501142
0.0714286 1502425
0.0714286 1503823
0.0714286 1505151
0.0714286 1506403
0.0714286 1507741
0.0714286 1509027
0.0714286 1510360
0.0714286 1511675
0.0714286 1512126
0.0714286 1513077
0.0714286 1513401
0.0714286 1514705
0.0714286 1515973
0.0714286 1517245
0.0714286 1518494
0.0714286 1519746
0.0714286 1521111
0.0714286 1522449
0.0714286 1547100
0.0714286 1548485
0.0714286 1549840
0.0714286 1551266
0.0714286 1552616
0.0714286 1553204
0.0714286 1554034
0.0714286 1554511
0.0714286 1555332
0.0714286 1555794
0.0714286 1556766
0.0714286 1557182
0.0714286 1558194
0.0714286 1558468
0.0714286 1559510
0.0714286 1559742
0.0714286 1560784
0.0714286 1561112
0.0714286 1562113
0.0714286 1562497
0.0714286 1563467
0.0714286 1563776
0.0714286 1564745
0.0714286 1565111
0.0714286 1566051
0.0714286 1566499
0.0714286 1567444
0.0714286 1567832
0.0714286 1568745
0.0714286 1569239
0.0714286 1570495
0.0714286 1600460
0.0714286 1601794
0.0714286 1603124
