0.910296 151555
0.910296 151650
0.910296 152817
0.910296 153073
0.865188 167170
0.865188 168610
0.816854 173028
0.681305 174568
0.681305 175909
0.681305 177281
0.681305 178560
0.681305 180517
0.681305 202014
0.626736 202265
0.626736 203598
0.626736 205007
0.626736 206363
0.328125 209229
0.328125 210581
0.328125 212134
0.328125 221332
0.328125 222786
0.328125 235603
0.328125 237237
0.328125 244666
0.328125 245938
0.328125 247219
0.328125 248058
0.328125 248663
0.328125 249434
0.328125 250697
0.328125 252043
0.328125 253394
0.328125 262804
0.301107 265797
0.301107 279452
0.301107 280598
0.301107 280849
0.301107 292370
0.301107 293123
0.301107 293703
0.300944 295794
0.300944 298788
0.300944 300200
0.300944 322266
0.300944 323624
0.300944 325036
0.269531 325658
0.269531 326479
0.269531 326857
0.269531 326956
0.269531 327850
0.269531 328185
0.269531 328394
0.269531 329156
0.269531 329521
0.269531 329825
0.269531 330523
0.269531 330970
0.269531 331030
0.269531 331284
0.269531 331855
0.269531 332294
0.269531 332362
0.269531 332651
0.269531 333202
0.269531 333753
0.269531 333924
0.269531 334578
0.269531 335118
0.269531 335271
0.269531 335874
0.269531 336513
0.269531 336574
0.269531 337198
0.269531 337785
0.269531 337845
0.269531 338544
0.269531 339149
0.269531 340477
0.269531 364770
0.269531 365207
0.269531 366193
0.269531 366551
0.269531 367622
0.269531 367989
0.269531 369021
0.252554 369612
0.252554 370324
0.252554 370392
0.252554 371058
0.252554 371773
0.252554 373138
0.252554 373241
0.252554 374491
0.252554 374593
0.252554 375784
0.252554 375952
0.252554 377161
0.252554 378543
0.215625 400986
0.215625 402367
0.215625 403598
0.215625 403804
0.215625 405131
0.215625 406485
0.215625 407263
0.215625 407845
0.215625 408492
0.215625 408556
0.215625 409286
0.215625 409938
0.215625 410002
0.215625 410641
0.215625 411247
0.215625 411396
0.215625 412555
0.215625 412811
0.215625 413893
0.215625 414132
0.215625 415256
0.215625 415471
0.215625 416703
0.215625 416874
0.215625 418310
0.215625 419734
0.215625 421157
0.215625 422499
0.215625 423785
0.215625 425052
0.215625 426382
0.215625 427717
0.215625 429179
0.215625 430558
0.215625 431974
0.215625 436429
0.215625 443639
0.210775 449534
0.210775 463045
0.210775 464438
0.210775 465892
0.210775 467230
0.210775 467297
0.210775 468569
0.210775 470021
0.210775 471320
0.210775 472604
0.210775 473933
0.210775 474708
0.210775 475201
0.210775 476170
0.210775 476518
0.210775 477454
0.210775 482535
0.210775 483937
0.210775 485370
0.210775 486697
0.210775 488148
0.210775 498074
0.210775 499432
0.210775 508930
0.210775 510289
0.210775 510350
0.18378 521147
0.18378 522592
0.18378 523897
0.18378 525292
0.18378 526605
0.18378 529846
0.18378 530502
0.18378 531158
0.18378 531890
0.18378 532513
0.18378 533175
0.18378 533865
0.18378 534523
0.18378 535258
0.18378 535844
0.18378 536567
0.18378 537255
0.18378 537499
0.18378 537901
0.18378 538540
0.18378 538956
0.18378 539362
0.18378 539865
0.18378 540257
0.18378 540758
0.18378 541287
0.18378 542110
0.18378 542670
0.18378 543479
0.18378 544070
0.18378 544880
0.18378 545388
0.18378 546307
0.18378 546691
0.18378 548029
0.18378 549295
0.18378 550636
0.18378 551927
0.18378 553351
0.18378 554673
0.18378 556015
0.18378 557440
0.18378 557677
0.18378 558989
0.18378 560304
0.18378 561734
0.18378 563064
0.18378 564506
0.18378 565924
0.18378 571034
0.18378 572319
0.18378 573687
0.18378 575002
0.18378 576381
0.18378 577649
0.18378 578717
0.18378 578962
0.18378 580094
0.18378 580385
0.18378 581533
0.18378 582902
0.18378 584293
0.18378 585569
0.18378 587022
0.18378 588412
0.18378 589833
0.18378 590271
0.18378 591284
0.18378 596703
0.166667 613387
0.166667 617631
0.166667 621888
0.166667 627506
0.142857 644461
0.142857 648234
0.142857 650466
0.142857 651780
0.142857 655307
0.119048 677296
0.119048 677586
0.119048 680002
0.119048 681342
0.119048 681850
0.119048 707532
0.119048 708410
0.119048 710996
0.119048 714375
0.119048 731266
0.119048 734761
0.119048 735119
0.119048 736398
0.119048 737706
0.119048 743527
0.119048 751889
0.119048 764276
0.119048 765841
0.119048 772109
0.119048 784928
0.119048 794995
0.119048 795358
0.119048 803193
0.119048 804568
0.119048 805979
0.119048 816012
0.119048 820164
0.119048 825807
0.119048 826170
0.119048 846824
0.102041 851248
0.102041 852624
0.102041 853936
0.102041 854391
0.102041 855260
0.102041 859212
0.102041 869449
0.102041 870784
0.102041 872125
0.102041 873592
0.102041 874903
0.102041 876277
0.102041 877616
0.102041 877719
0.102041 878687
0.102041 883508
0.102041 890609
0.102041 899622
0.102041 901085
0.102041 902511
0.102041 909481
0.102041 914326
0.102041 921427
0.102041 926813
0.102041 940405
0.102041 944828
0.102041 950781
0.102041 959036
0.102041 972168
0.102041 977052
0.102041 981581
0.102041 991266
0.102041 1002425
0.102041 1008937
0.102041 1012423
0.102041 1023706
0.102041 1035868
0.102041 1040580
0.102041 1043153
0.102041 1056735
0.102041 1065039
0.102041 1073609
0.102041 1074083
0.102041 1088968
0.102041 1098069
0.102041 1104441
0.102041 1106947
0.102041 1120860
0.102041 1126671
0.102041 1133725
0.102041 1139392
0.102041 1148108
0.102041 1159732
0.102041 1162484
0.102041 1163869
0.102041 1168863
0.102041 1177476
0.102041 1191626
0.102041 1194704
0.102041 1199969
0.102041 1204179
0.102041 1224207
0.102041 1224972
0.102041 1226349
0.102041 1236377
0.102041 1248362
0.102041 1251672
0.102041 1253583
0.102041 1262760
0.102041 1276975
0.102041 1282513
0.102041 1286874
0.102041 1295801
0.102041 1308087
0.102041 1314417
0.102041 1317718
0.102041 1319960
0.102041 1341158
0.102041 1341675
0.102041 1348561
0.102041 1349777
0.102041 1370030
0.102041 1370290
0.102041 1370536
0.102041 1379156
0.102041 1397139
0.102041 1400778
0.102041 1401654
0.102041 1412037
0.102041 1420543
0.102041 1426987
0.102041 1433856
0.102041 1443947
0.102041 1447806
0.102041 1456181
0.102041 1466451
0.102041 1473139
0.102041 1476833
0.1 1483364
0.1 1494886
0.1 1500406
0.1 1501928
0.1 1503482
0.1 1504890
0.1 1506348
0.1 1506663
0.1 1507769
0.1 1508149
0.1 1509238
0.1 1509481
0.1 1512564
0.1 1513920
0.1 1515376
0.1 1516716
0.1 1527777
0.1 1537591
0.1 1540096
0.1 1549316
0.1 1552484
0.1 1554991
0.1 1556352
0.0714286 1558913
0.0714286 1560302
0.0714286 1564211
0.0714286 1565523
0.0714286 1581701
0.0714286 1592221
0.0714286 1594507
0.0714286 1598419
0.0714286 1614307
0.0714286 1622456
0.0714286 1624752
0.0714286 1629465
0.0714286 1641587
0.0714286 1651663
0.0714286 1655887
0.0714286 1660326
0.0714286 1674680
0.0714286 1684729
0.0714286 1686127
0.0714286 1691168
0.0714286 1703471
0.0714286 1704843
0.0714286 1712007
0.0714286 1712173
0.0714286 1723432
0.0714286 1724850
0.0714286 1734344
0.0714286 1739327
0.0714286 1740801
0.0714286 1742248
0.0714286 1743668
0.0714286 1743840
0.0714286 1745020
0.0714286 1745298
0.0714286 1746521
0.0714286 1746788
0.0714286 1748261
0.0714286 1754360
0.0714286 1765490
0.0714286 1768575
0.0714286 1770011
0.0714286 1770285
0.0714286 1771502
0.0714286 1772881
0.0714286 1779407
0.0714286 1780792
0.0714286 1782136
0.0714286 1783648
0.0714286 1785006
0.0714286 1786470
0.0714286 1787947
0.0714286 1789380
0.0714286 1797240
0.0714286 1799191
0.0714286 1801137
0.0714286 1802588
0.0714286 1803971
0.0714286 1820160
0.0714286 1821603
0.0714286 1823090
