4 80 1 54.4537
4 80 2 59.2971
4 80 3 61.1089
4 80 4 62.0569
4 81 1 54.5637
4 81 2 59.3622
4 81 3 61.155
4 81 4 62.0926
4 82 1 54.6715
4 82 2 59.426
4 82 3 61.2001
4 82 4 62.1274
4 83 1 54.7771
4 83 2 59.4883
4 83 3 61.2441
4 83 4 62.1615
4 84 1 54.8806
4 84 2 59.5493
4 84 3 61.2872
4 84 4 62.1948
4 85 1 54.982
4 85 2 59.6089
4 85 3 61.3293
4 85 4 62.2273
4 86 1 55.0814
4 86 2 59.6673
4 86 3 61.3705
4 86 4 62.2591
4 87 1 55.1789
4 87 2 59.7245
4 87 3 61.4108
4 87 4 62.2902
4 88 1 55.2745
4 88 2 59.7804
4 88 3 61.4502
4 88 4 62.3206
4 89 1 55.3683
4 89 2 59.8353
4 89 3 61.4888
4 89 4 62.3504
4 90 1 55.4603
4 90 2 59.8889
4 90 3 61.5266
4 90 4 62.3795
4 91 1 55.5506
4 91 2 59.9415
4 91 3 61.5636
4 91 4 62.408
4 92 1 55.6392
4 92 2 59.9931
4 92 3 61.5998
4 92 4 62.4359
4 93 1 55.7262
4 93 2 60.0436
4 93 3 61.6353
4 94 1 55.8116
4 94 2 60.0931
4 94 3 61.6701
4 95 1 55.8954
4 95 2 60.1417
4 95 3 61.7042
4 96 1 55.9777
4 96 2 60.1893
4 96 3 61.7376
4 97 1 56.0586
4 97 2 60.236
4 97 3 61.7704
4 98 1 56.1381
4 98 2 60.2819
4 98 3 61.8025
4 98 4 62.592
4 99 1 56.2161
4 99 2 60.3269
4 99 3 61.834
4 99 4 62.6162
4 100 1 56.2929
4 100 2 60.371
4 100 3 61.865
4 100 4 62.64
4 101 1 56.3683
4 101 2 60.4143
4 101 3 61.8953
4 101 4 62.6633
4 102 1 56.4424
4 102 2 60.4569
4 102 3 61.925
4 102 4 62.6862
4 103 1 56.5153
4 103 2 60.4987
4 103 4 62.7086
4 104 1 56.5869
4 104 2 60.5397
4 104 4 62.7307
4 105 1 56.6574
4 105 2 60.58
4 105 4 62.7523
4 106 1 56.7267
4 106 2 60.6196
4 106 4 62.7735
4 107 1 56.7948
4 107 2 60.6585
4 107 4 62.7944
4 108 3 62.0926
4 108 4 62.8149
4 109 3 62.1188
4 109 4 62.835
4 110 3 62.1446
4 110 4 62.8548
4 111 3 62.1699
4 111 4 62.8742
4 112 3 62.1948
4 112 4 62.8933
4 113 3 62.2192
4 113 4 62.912
4 114 3 62.2433
4 114 4 62.9305
4 115 3 62.2669
4 115 4 62.9486
4 116 3 62.2902
4 116 4 62.9664
4 117 3 62.3131
4 117 4 62.9839
4 118 1 57.4774
4 118 2 61.0456
4 118 3 62.3356
4 118 4 63.0012
4 119 1 57.5339
4 119 2 61.0775
4 119 3 62.3577
4 119 4 63.0182
4 120 1 57.5896
4 120 2 61.1089
4 120 3 62.3795
4 120 4 63.0348
5 80 3 84.9744
5 80 4 86.8188
5 81 3 85.0636
5 81 4 86.8886
5 82 3 85.1509
5 82 4 86.9569
5 83 1 73.2074
5 83 2 81.873
5 84 1 73.3924
5 84 2 81.9886
5 85 1 73.5739
5 85 2 82.1017
5 85 4 87.1526
5 86 1 73.752
5 86 2 82.2125
5 86 4 87.215
5 87 1 73.9269
5 87 2 82.3211
5 87 4 87.276
5 88 1 74.0987
5 88 2 82.4274
5 88 3 85.6359
5 88 4 87.3357
5 89 1 74.2673
5 89 2 82.5317
5 89 3 85.7109
5 89 4 87.3942
5 90 1 74.4329
5 90 2 82.6338
5 90 3 85.7844
5 90 4 87.4515
5 91 1 74.5956
5 91 2 82.734
5 91 3 85.8563
5 91 4 87.5075
5 92 1 74.7555
5 92 2 82.8322
5 92 3 85.9268
5 92 4 87.5624
5 93 1 74.9126
5 93 2 82.9286
5 94 1 75.067
5 94 2 83.0231
5 95 1 75.2187
5 95 2 83.1158
5 96 1 75.3679
5 96 2 83.2068
5 97 1 75.5146
5 97 2 83.2961
5 98 1 75.6588
5 98 3 86.3217
5 98 4 87.8696
5 99 1 75.8007
5 99 3 86.3832
5 99 4 87.9174
5 100 1 75.9402
5 100 3 86.4435
5 100 4 87.9643
5 101 1 76.0775
5 101 3 86.5027
5 101 4 88.0103
5 102 1 76.2126
5 102 3 86.5609
5 102 4 88.0554
5 103 3 86.618
5 103 4 88.0997
5 104 3 86.674
5 104 4 88.1432
5 105 3 86.7291
5 105 4 88.1859
5 106 3 86.7832
5 106 4 88.2279
5 107 3 86.8364
5 107 4 88.2691
5 110 4 88.3884
5 111 4 88.4268
5 112 4 88.4645
5 113 4 88.5017
5 114 4 88.5382
5 115 4 88.5741
5 116 4 88.6094
5 117 4 88.6441
5 118 1 78.1119
5 118 2 84.8522
5 118 3 87.3651
5 118 4 88.6782
5 119 1 78.2163
5 119 2 84.9138
5 119 3 87.4086
5 119 4 88.7119
5 120 1 78.3193
5 120 2 84.9744
5 120 3 87.4515
5 120 4 88.7449
6 80 1 90.178
6 80 2 104.284
6 80 3 110.021
6 80 4 113.133
6 81 1 90.4802
6 81 2 104.486
6 81 3 110.171
6 81 4 113.251
6 82 1 90.777
6 82 2 104.684
6 82 3 110.317
6 82 4 113.367
6 83 1 91.0685
6 83 2 104.877
6 84 1 91.3549
6 84 2 105.067
6 85 1 91.6363
6 85 2 105.253
6 86 1 91.9128
6 86 2 105.435
6 87 1 92.1846
6 87 2 105.613
6 88 2 105.789
6 89 2 105.96
6 90 2 106.129
6 91 2 106.294
6 92 2 106.456
6 93 1 93.7223
6 93 3 111.739
6 93 4 114.491
6 94 1 93.964
6 94 3 111.854
6 94 4 114.581
6 95 1 94.2019
6 95 3 111.966
6 95 4 114.669
6 96 1 94.436
6 96 3 112.076
6 96 4 114.756
6 97 1 94.6664
6 97 3 112.184
6 97 4 114.84
6 98 1 94.8932
6 98 2 107.369
6 99 1 95.1165
6 99 2 107.512
6 100 1 95.3364
6 100 2 107.652
6 101 1 95.5528
6 101 2 107.79
6 102 1 95.766
6 102 2 107.926
6 108 1 96.98
6 108 2 108.692
6 108 3 113.251
6 108 4 115.677
6 109 1 97.1722
6 109 2 108.813
6 109 3 113.339
6 109 4 115.746
6 110 1 97.3615
6 110 2 108.931
6 110 3 113.424
6 110 4 115.813
6 111 1 97.5482
6 111 2 109.048
6 111 3 113.509
6 111 4 115.879
6 112 1 97.7323
6 112 2 109.163
6 112 3 113.592
6 112 4 115.943
6 113 2 109.276
6 113 3 113.673
6 113 4 116.007
6 114 2 109.388
6 114 3 113.754
6 114 4 116.07
6 115 2 109.497
6 115 3 113.833
6 115 4 116.132
6 116 2 109.605
6 116 3 113.91
6 116 4 116.192
6 117 2 109.711
6 117 3 113.987
6 117 4 116.252
6 118 1 98.7842
6 118 2 109.816
6 118 3 114.062
6 118 4 116.311
6 119 1 98.9513
6 119 2 109.919
6 119 3 114.136
6 119 4 116.369
6 120 1 99.1161
6 120 2 110.021
6 120 3 114.209
6 120 4 116.426
7 80 2 119.544
7 80 3 127.144
7 80 4 131.318
7 81 2 119.809
7 81 3 127.344
7 81 4 131.478
7 82 2 120.069
7 82 3 127.539
7 82 4 131.634
7 83 2 120.324
7 83 3 127.731
7 83 4 131.787
7 84 2 120.574
7 84 3 127.918
7 84 4 131.936
7 85 2 120.818
7 85 3 128.102
7 85 4 132.083
7 86 2 121.059
7 86 3 128.282
7 86 4 132.226
7 87 2 121.294
7 87 3 128.458
7 87 4 132.367
7 88 2 121.525
7 89 2 121.752
7 90 2 121.974
7 91 2 122.193
7 92 2 122.407
7 93 1 105.868
7 93 2 122.618
7 93 3 129.444
7 93 4 133.151
7 94 1 106.176
7 94 2 122.824
7 94 3 129.598
7 94 4 133.273
7 95 1 106.48
7 95 2 123.027
7 95 3 129.748
7 95 4 133.392
7 96 1 106.779
7 96 2 123.227
7 96 3 129.896
7 96 4 133.509
7 97 1 107.074
7 97 2 123.423
7 97 3 130.041
7 97 4 133.624
7 98 1 107.364
7 99 1 107.65
7 100 1 107.932
7 101 1 108.209
7 102 1 108.483
7 103 1 108.752
7 103 2 124.53
7 103 3 130.859
7 103 4 134.271
7 104 1 109.018
7 104 2 124.704
7 104 3 130.987
7 104 4 134.372
7 105 1 109.28
7 105 2 124.875
7 105 3 131.113
7 105 4 134.471
7 106 1 109.538
7 106 2 125.044
7 106 3 131.236
7 106 4 134.569
7 107 1 109.792
7 107 2 125.209
7 107 3 131.358
7 107 4 134.664
7 108 1 110.043
7 108 2 125.373
7 109 1 110.291
7 109 2 125.533
7 110 1 110.535
7 110 2 125.691
7 111 1 110.775
7 111 2 125.846
7 112 1 111.013
7 112 2 125.999
7 113 1 111.247
7 113 3 132.047
7 113 4 135.207
7 114 1 111.478
7 114 3 132.155
7 114 4 135.292
7 115 1 111.706
7 115 3 132.262
7 115 4 135.376
7 116 1 111.931
7 116 3 132.367
7 116 4 135.458
7 117 1 112.153
7 117 3 132.47
7 117 4 135.539
8 80 1 107.87
8 80 2 128.693
8 81 1 108.303
8 81 2 129.001
8 82 1 108.728
8 82 2 129.302
8 83 1 109.147
8 83 2 129.598
8 83 3 138.231
8 83 4 142.994
8 84 1 109.558
8 84 2 129.887
8 84 3 138.451
8 84 4 143.17
8 85 1 109.963
8 85 2 130.171
8 85 3 138.666
8 85 4 143.343
8 86 1 110.362
8 86 2 130.45
8 86 3 138.876
8 86 4 143.511
8 87 1 110.754
8 87 2 130.724
8 87 3 139.083
8 87 4 143.677
8 88 1 111.14
8 88 2 130.992
8 88 3 139.285
8 88 4 143.839
8 89 1 111.52
8 89 2 131.256
8 89 3 139.484
8 89 4 143.997
8 90 1 111.893
8 90 2 131.514
8 90 3 139.678
8 90 4 144.153
8 91 1 112.261
8 91 2 131.768
8 91 3 139.869
8 91 4 144.305
8 92 1 112.624
8 92 2 132.017
8 92 3 140.056
8 92 4 144.455
8 93 1 112.981
8 93 2 132.262
8 93 3 140.24
8 93 4 144.601
8 94 1 113.332
8 94 2 132.503
8 94 3 140.42
8 94 4 144.745
8 95 1 113.679
8 95 2 132.739
8 95 3 140.597
8 95 4 144.886
8 96 1 114.02
8 96 2 132.971
8 96 3 140.771
8 96 4 145.024
8 97 1 114.356
8 97 2 133.2
8 97 3 140.941
8 97 4 145.16
8 98 1 114.687
8 98 2 133.424
8 98 3 141.109
8 98 4 145.293
8 99 1 115.013
8 99 2 133.645
8 99 3 141.273
8 99 4 145.423
8 100 1 115.335
8 100 2 133.861
8 100 3 141.434
8 100 4 145.552
8 101 1 115.652
8 101 2 134.075
8 101 3 141.593
8 101 4 145.678
8 102 1 115.964
8 102 2 134.284
8 102 3 141.749
8 102 4 145.801
8 103 1 116.272
8 104 1 116.576
8 105 1 116.875
8 106 1 117.171
8 107 1 117.462
8 108 1 117.749
8 108 2 135.473
8 108 3 142.63
8 108 4 146.499
8 109 1 118.032
8 109 2 135.661
8 109 3 142.768
8 109 4 146.609
8 110 1 118.312
8 110 2 135.845
8 110 3 142.904
8 110 4 146.716
8 111 1 118.588
8 111 2 136.027
8 111 3 143.038
8 111 4 146.822
8 112 1 118.86
8 112 2 136.206
8 112 3 143.17
8 112 4 146.926
8 113 1 119.128
8 114 1 119.393
8 115 1 119.655
8 116 1 119.913
8 117 1 120.168
8 118 2 137.224
8 119 2 137.385
8 120 2 137.544
9 83 2 134.322
9 83 3 143.618
9 84 2 134.633
9 84 3 143.855
9 85 2 134.938
9 85 3 144.088
9 86 2 135.238
9 86 3 144.315
9 87 2 135.532
9 87 3 144.538
9 88 2 135.82
9 88 3 144.757
9 89 2 136.103
9 89 3 144.971
9 90 2 136.381
9 90 3 145.182
9 91 2 136.655
9 91 3 145.388
9 92 2 136.923
9 92 3 145.59
9 93 2 137.186
9 93 3 145.788
9 94 2 137.445
9 94 3 145.983
9 95 2 137.699
9 95 3 146.174
9 96 2 137.949
9 96 3 146.362
9 97 2 138.195
9 97 3 146.546
9 98 2 138.436
9 98 3 146.727
9 99 2 138.674
9 99 3 146.905
9 100 2 138.907
9 100 3 147.08
9 101 2 139.137
9 101 3 147.251
9 102 2 139.363
9 102 3 147.42
9 103 2 139.585
9 104 2 139.804
9 105 2 140.019
9 106 2 140.231
9 107 2 140.439
9 108 1 121.636
9 108 2 140.644
9 109 1 121.938
9 109 2 140.846
9 110 1 122.237
9 110 2 141.045
9 111 1 122.531
9 111 2 141.241
9 112 1 122.821
9 112 2 141.433
9 113 2 141.623
9 114 2 141.81
9 115 2 141.995
9 116 2 142.176
9 117 2 142.355
9 118 1 124.487
9 118 3 149.768
9 119 1 124.753
9 119 3 149.896
9 120 1 125.015
9 120 3 150.022
10 80 1 112.934
10 80 2 135.968
10 80 3 145.885
10 81 1 113.409
10 81 2 136.311
10 81 3 146.149
10 82 1 113.875
10 82 2 136.647
10 82 3 146.406
10 83 1 114.335
10 83 3 146.659
10 84 1 114.786
10 84 3 146.906
10 85 1 115.231
10 85 3 147.148
10 86 1 115.669
10 86 3 147.386
10 87 1 116.099
10 87 3 147.618
10 93 2 139.958
10 93 3 148.922
10 94 2 140.227
10 94 3 149.126
10 95 2 140.492
10 95 3 149.325
10 96 2 140.752
10 96 3 149.521
10 97 2 141.008
10 97 3 149.713
10 98 2 141.259
10 99 2 141.506
10 100 2 141.75
10 101 2 141.989
10 102 2 142.224
10 103 2 142.455
10 104 2 142.683
10 105 2 142.907
10 106 2 143.128
10 107 2 143.345
10 113 1 125.335
10 113 2 144.579
10 113 3 152.377
10 114 1 125.629
10 114 2 144.774
10 114 3 152.522
10 115 1 125.918
10 115 2 144.966
10 115 3 152.664
10 116 1 126.204
10 116 2 145.155
10 116 3 152.804
10 117 1 126.487
10 117 2 145.342
10 117 3 152.941
10 118 2 145.526
10 119 2 145.707
10 120 2 145.885
11 80 2 136.827
11 81 2 137.175
11 82 2 137.515
11 83 2 137.85
11 84 2 138.177
11 85 2 138.499
11 86 2 138.815
11 87 2 139.124
11 88 3 148.863
11 89 3 149.09
11 90 3 149.312
11 91 3 149.53
11 92 3 149.744
11 93 2 140.868
11 93 3 149.954
11 94 2 141.141
11 94 3 150.16
11 95 2 141.409
11 95 3 150.362
11 96 2 141.673
11 96 3 150.561
11 97 2 141.932
11 97 3 150.756
11 98 1 121.102
11 98 2 142.187
11 98 3 150.947
11 99 1 121.466
11 99 2 142.437
11 99 3 151.135
11 100 1 121.825
11 100 2 142.684
11 100 3 151.32
11 101 1 122.179
11 101 2 142.926
11 101 3 151.502
11 102 1 122.527
11 102 2 143.164
11 102 3 151.68
11 103 1 122.871
11 103 2 143.399
11 104 1 123.21
11 104 2 143.63
11 105 1 123.545
11 105 2 143.857
11 106 1 123.875
11 106 2 144.08
11 107 1 124.201
11 107 2 144.3
11 108 1 124.522
11 108 2 144.517
11 108 3 152.689
11 109 1 124.839
11 109 2 144.73
11 109 3 152.848
11 110 1 125.151
11 110 2 144.94
11 110 3 153.004
11 111 1 125.46
11 111 2 145.147
11 111 3 153.158
11 112 1 125.765
11 112 2 145.35
11 112 3 153.309
11 113 1 126.065
11 113 2 145.551
11 114 1 126.362
11 114 2 145.748
11 115 1 126.655
11 115 2 145.943
11 116 1 126.944
11 116 2 146.135
11 117 1 127.23
11 117 2 146.324
11 118 1 127.512
11 118 2 146.51
11 118 3 154.167
11 119 1 127.79
11 119 2 146.694
11 119 3 154.303
11 120 1 128.066
11 120 2 146.875
11 120 3 154.436
12 83 3 148.038
12 84 3 148.29
12 85 3 148.536
12 86 3 148.778
12 87 3 149.015
12 88 1 117.392
12 88 2 139.766
12 89 1 117.816
12 89 2 140.066
12 90 1 118.233
12 90 2 140.36
12 91 1 118.644
12 91 2 140.65
12 92 1 119.049
12 92 2 140.934
12 93 1 119.448
12 93 2 141.213
12 93 3 150.344
12 94 1 119.841
12 94 2 141.487
12 94 3 150.551
12 95 1 120.228
12 95 2 141.757
12 95 3 150.755
12 96 1 120.61
12 96 2 142.022
12 96 3 150.954
12 97 1 120.986
12 97 2 142.282
12 97 3 151.15
12 103 3 152.256
12 104 3 152.429
12 105 3 152.6
12 106 3 152.767
12 107 3 152.932
12 113 2 145.919
12 114 2 146.117
12 115 2 146.313
12 116 2 146.506
12 117 2 146.696
12 118 1 127.794
12 118 2 146.883
12 119 1 128.074
12 119 2 147.068
12 120 1 128.35
12 120 2 147.25
13 80 3 147.501
13 81 3 147.77
13 82 3 148.033
13 83 1 115.324
13 83 2 138.4
13 84 1 115.784
13 84 2 138.731
13 85 1 116.236
13 85 2 139.055
13 86 1 116.682
13 86 2 139.373
13 87 1 117.12
13 87 2 139.685
13 88 1 117.552
13 88 2 139.992
13 89 1 117.977
13 89 2 140.293
13 90 1 118.395
13 90 2 140.588
13 91 1 118.807
13 91 2 140.879
13 92 1 119.213
13 92 2 141.164
13 93 1 119.613
13 94 1 120.007
13 95 1 120.396
13 96 1 120.778
13 97 1 121.155
13 98 1 121.527
13 98 3 151.608
13 99 1 121.894
13 99 3 151.798
13 100 1 122.255
13 100 3 151.984
13 101 1 122.611
13 101 3 152.167
13 102 1 122.962
13 102 3 152.347
13 103 1 123.309
13 103 2 143.995
13 103 3 152.524
13 104 1 123.65
13 104 2 144.228
13 104 3 152.698
13 105 1 123.987
13 105 2 144.457
13 105 3 152.869
13 106 1 124.32
13 106 2 144.682
13 106 3 153.037
13 107 1 124.647
13 107 2 144.904
13 107 3 153.203
13 108 1 124.971
13 108 3 153.365
13 109 1 125.29
13 109 3 153.525
13 110 1 125.605
13 110 3 153.683
13 111 1 125.916
13 111 3 153.838
13 112 1 126.223
13 112 3 153.99
13 113 1 126.526
13 113 2 146.165
13 114 1 126.825
13 114 2 146.364
13 115 1 127.12
13 115 2 146.561
13 116 1 127.411
13 116 2 146.754
13 117 1 127.699
13 117 2 146.945
13 118 1 127.983
13 118 2 147.133
13 119 1 128.264
13 119 2 147.318
13 120 1 128.541
13 120 2 147.501
14 80 1 113.9
14 80 2 137.37
14 81 1 114.382
14 81 2 137.72
14 82 1 114.857
14 82 2 138.063
14 83 1 115.324
14 83 2 138.4
14 84 1 115.784
14 84 2 138.731
14 85 1 116.236
14 85 2 139.055
14 86 1 116.682
14 86 2 139.373
14 87 1 117.12
14 87 2 139.685
14 88 1 117.552
14 89 1 117.977
14 90 1 118.395
14 91 1 118.807
14 92 1 119.213
14 93 1 119.613
14 93 2 141.444
14 94 1 120.007
14 94 2 141.719
14 95 1 120.396
14 95 2 141.989
14 96 1 120.778
14 96 2 142.255
14 97 1 121.155
14 97 2 142.516
14 98 1 121.527
14 98 2 142.773
14 99 1 121.894
14 99 2 143.026
14 100 1 122.255
14 100 2 143.274
14 101 1 122.611
14 101 2 143.518
14 102 1 122.962
14 102 2 143.759
14 103 1 123.309
14 103 2 143.995
14 104 1 123.65
14 104 2 144.228
14 105 1 123.987
14 105 2 144.457
14 106 1 124.32
14 106 2 144.682
14 107 1 124.647
14 107 2 144.904
14 108 1 124.971
14 108 2 145.122
14 109 1 125.29
14 109 2 145.337
14 110 1 125.605
14 110 2 145.549
14 111 1 125.916
14 111 2 145.757
14 112 1 126.223
14 112 2 145.963
14 113 1 126.526
14 113 2 146.165
14 114 1 126.825
14 114 2 146.364
14 115 1 127.12
14 115 2 146.561
14 116 1 127.411
14 116 2 146.754
14 117 1 127.699
14 117 2 146.945
14 118 1 127.983
14 119 1 128.264
14 120 1 128.541
15 80 1 113.975
15 80 2 137.479
15 81 1 114.458
15 81 2 137.829
15 82 1 114.933
15 82 2 138.174
15 83 1 115.401
15 84 1 115.861
15 85 1 116.314
15 86 1 116.76
15 87 1 117.199
15 88 1 117.631
15 88 2 140.105
15 89 1 118.057
15 89 2 140.407
15 90 1 118.476
15 90 2 140.703
15 91 1 118.889
15 91 2 140.993
15 92 1 119.295
15 92 2 141.279
15 93 2 141.559
15 94 2 141.835
15 95 2 142.106
15 96 2 142.372
15 97 2 142.634
15 98 2 142.891
15 99 2 143.144
15 100 2 143.393
15 101 2 143.637
15 102 2 143.878
15 108 2 145.244
15 109 2 145.459
15 110 2 145.671
15 111 2 145.88
15 112 2 146.086
16 83 2 138.511
16 84 2 138.842
16 85 2 139.167
16 86 2 139.485
16 87 2 139.798
16 88 2 140.105
16 89 2 140.407
16 90 2 140.703
16 91 2 140.993
16 92 2 141.279
16 93 2 141.559
16 94 2 141.835
16 95 2 142.106
16 96 2 142.372
16 97 2 142.634
16 98 1 121.612
16 98 2 142.891
16 99 1 121.979
16 99 2 143.144
16 100 1 122.341
16 100 2 143.393
16 101 1 122.698
16 101 2 143.637
16 102 1 123.05
16 102 2 143.878
16 103 1 123.397
16 103 2 144.115
16 104 1 123.739
16 104 2 144.348
16 105 1 124.076
16 105 2 144.577
16 106 1 124.409
16 106 2 144.803
16 107 1 124.737
16 107 2 145.025
16 108 2 145.244
16 109 2 145.459
16 110 2 145.671
16 111 2 145.88
16 112 2 146.086
16 118 1 128.078
16 118 2 147.258
16 119 1 128.359
16 119 2 147.443
16 120 1 128.636
16 120 2 147.626
17 80 2 137.479
17 81 2 137.829
17 82 2 138.174
17 83 1 115.401
17 84 1 115.861
17 85 1 116.314
17 86 1 116.76
17 87 1 117.199
17 88 1 117.631
17 89 1 118.057
17 90 1 118.476
17 91 1 118.889
17 92 1 119.295
17 93 2 141.559
17 94 2 141.835
17 95 2 142.106
17 96 2 142.372
17 97 2 142.634
17 98 1 121.612
17 98 2 142.891
17 99 1 121.979
17 99 2 143.144
17 100 1 122.341
17 100 2 143.393
17 101 1 122.698
17 101 2 143.637
17 102 1 123.05
17 102 2 143.878
17 108 1 125.061
17 109 1 125.381
17 110 1 125.696
17 111 1 126.008
17 112 1 126.315
17 113 1 126.618
17 113 2 146.289
17 114 1 126.918
17 114 2 146.488
17 115 1 127.213
17 115 2 146.685
17 116 1 127.505
17 116 2 146.879
17 117 1 127.793
17 117 2 147.07
17 118 1 128.078
17 119 1 128.359
17 120 1 128.636
18 83 1 115.401
18 84 1 115.861
18 85 1 116.314
18 86 1 116.76
18 87 1 117.199
18 88 1 117.631
18 89 1 118.057
18 90 1 118.476
18 91 1 118.889
18 92 1 119.295
18 93 2 141.559
18 94 2 141.835
18 95 2 142.106
18 96 2 142.372
18 97 2 142.634
18 98 1 121.612
18 98 2 142.891
18 99 1 121.979
18 99 2 143.144
18 100 1 122.341
18 100 2 143.393
18 101 1 122.698
18 101 2 143.637
18 102 1 123.05
18 102 2 143.878
18 108 1 125.061
18 108 2 145.244
18 109 1 125.381
18 109 2 145.459
18 110 1 125.696
18 110 2 145.671
18 111 1 126.008
18 111 2 145.88
18 112 1 126.315
18 112 2 146.086
18 113 1 126.618
18 114 1 126.918
18 115 1 127.213
18 116 1 127.505
18 117 1 127.793
19 80 1 113.975
19 81 1 114.458
19 82 1 114.933
19 83 2 138.511
19 84 2 138.842
19 85 2 139.167
19 86 2 139.485
19 87 2 139.798
19 93 1 119.696
19 94 1 120.091
19 95 1 120.479
19 96 1 120.863
19 97 1 121.24
19 98 1 121.612
19 99 1 121.979
19 100 1 122.341
19 101 1 122.698
19 102 1 123.05
19 103 1 123.397
19 103 2 144.115
19 104 1 123.739
19 104 2 144.348
19 105 1 124.076
19 105 2 144.577
19 106 1 124.409
19 106 2 144.803
19 107 1 124.737
19 107 2 145.025
19 113 1 126.618
19 113 2 146.289
19 114 1 126.918
19 114 2 146.488
19 115 1 127.213
19 115 2 146.685
19 116 1 127.505
19 116 2 146.879
19 117 1 127.793
19 117 2 147.07
19 118 2 147.258
19 119 2 147.443
19 120 2 147.626
20 80 1 113.975
20 81 1 114.458
20 82 1 114.933
20 83 1 115.401
20 83 2 138.511
20 84 1 115.861
20 84 2 138.842
20 85 1 116.314
20 85 2 139.167
20 86 1 116.76
20 86 2 139.485
20 87 1 117.199
20 87 2 139.798
20 88 1 117.631
20 88 2 140.105
20 89 1 118.057
20 89 2 140.407
20 90 1 118.476
20 90 2 140.703
20 91 1 118.889
20 91 2 140.993
20 92 1 119.295
20 92 2 141.279
20 93 1 119.696
20 94 1 120.091
20 95 1 120.479
20 96 1 120.863
20 97 1 121.24
20 98 1 121.612
20 99 1 121.979
20 100 1 122.341
20 101 1 122.698
20 102 1 123.05
20 103 1 123.397
20 104 1 123.739
20 105 1 124.076
20 106 1 124.409
20 107 1 124.737
20 108 1 125.061
20 109 1 125.381
20 110 1 125.696
20 111 1 126.008
20 112 1 126.315
20 118 1 128.078
20 119 1 128.359
20 120 1 128.636
21 83 1 115.401
21 84 1 115.861
21 85 1 116.314
21 86 1 116.76
21 87 1 117.199
21 88 1 117.631
21 89 1 118.057
21 90 1 118.476
21 91 1 118.889
21 92 1 119.295
21 93 1 119.696
21 94 1 120.091
21 95 1 120.479
21 96 1 120.863
21 97 1 121.24
21 113 1 126.618
21 114 1 126.918
21 115 1 127.213
21 116 1 127.505
21 117 1 127.793
22 80 2 137.479
22 81 2 137.829
22 82 2 138.174
22 83 1 115.401
22 84 1 115.861
22 85 1 116.314
22 86 1 116.76
22 87 1 117.199
22 88 1 117.631
22 89 1 118.057
22 90 1 118.476
22 91 1 118.889
22 92 1 119.295
22 93 1 119.696
22 93 2 141.559
22 94 1 120.091
22 94 2 141.835
22 95 1 120.479
22 95 2 142.106
22 96 1 120.863
22 96 2 142.372
22 97 1 121.24
22 97 2 142.634
22 103 1 123.397
22 104 1 123.739
22 105 1 124.076
22 106 1 124.409
22 107 1 124.737
22 108 1 125.061
22 109 1 125.381
22 110 1 125.696
22 111 1 126.008
22 112 1 126.315
22 113 1 126.618
22 114 1 126.918
22 115 1 127.213
22 116 1 127.505
22 117 1 127.793
23 80 1 113.975
23 81 1 114.458
23 82 1 114.933
23 83 1 115.401
23 84 1 115.861
23 85 1 116.314
23 86 1 116.76
23 87 1 117.199
23 88 1 117.631
23 89 1 118.057
23 90 1 118.476
23 91 1 118.889
23 92 1 119.295
23 98 1 121.612
23 99 1 121.979
23 100 1 122.341
23 101 1 122.698
23 102 1 123.05
23 108 1 125.061
23 109 1 125.381
23 110 1 125.696
23 111 1 126.008
23 112 1 126.315
23 113 1 126.618
23 114 1 126.918
23 115 1 127.213
23 116 1 127.505
23 117 1 127.793
23 118 1 128.078
23 119 1 128.359
23 120 1 128.636
24 80 1 113.975
24 81 1 114.458
24 82 1 114.933
24 83 1 115.401
24 84 1 115.861
24 85 1 116.314
24 86 1 116.76
24 87 1 117.199
24 88 1 117.631
24 89 1 118.057
24 90 1 118.476
24 91 1 118.889
24 92 1 119.295
24 93 1 119.696
24 94 1 120.091
24 95 1 120.479
24 96 1 120.863
24 97 1 121.24
24 103 1 123.397
24 104 1 123.739
24 105 1 124.076
24 106 1 124.409
24 107 1 124.737
24 108 1 125.061
24 109 1 125.381
24 110 1 125.696
24 111 1 126.008
24 112 1 126.315
24 113 1 126.618
24 114 1 126.918
24 115 1 127.213
24 116 1 127.505
24 117 1 127.793
25 83 1 115.401
25 84 1 115.861
25 85 1 116.314
25 86 1 116.76
25 87 1 117.199
25 93 1 119.696
25 94 1 120.091
25 95 1 120.479
25 96 1 120.863
25 97 1 121.24
25 98 1 121.612
25 99 1 121.979
25 100 1 122.341
25 101 1 122.698
25 102 1 123.05
25 113 1 126.618
25 114 1 126.918
25 115 1 127.213
25 116 1 127.505
25 117 1 127.793
26 80 1 113.975
26 81 1 114.458
26 82 1 114.933
26 88 1 117.631
26 89 1 118.057
26 90 1 118.476
26 91 1 118.889
26 92 1 119.295
26 113 1 126.618
26 114 1 126.918
26 115 1 127.213
26 116 1 127.505
26 117 1 127.793
26 118 1 128.078
26 119 1 128.359
26 120 1 128.636
27 80 1 113.975
27 81 1 114.458
27 82 1 114.933
27 83 1 115.401
27 84 1 115.861
27 85 1 116.314
27 86 1 116.76
27 87 1 117.199
27 88 1 117.631
27 89 1 118.057
27 90 1 118.476
27 91 1 118.889
27 92 1 119.295
27 93 1 119.696
27 94 1 120.091
27 95 1 120.479
27 96 1 120.863
27 97 1 121.24
27 103 1 123.397
27 104 1 123.739
27 105 1 124.076
27 106 1 124.409
27 107 1 124.737
27 108 1 125.061
27 109 1 125.381
27 110 1 125.696
27 111 1 126.008
27 112 1 126.315
27 113 1 126.618
27 114 1 126.918
27 115 1 127.213
27 116 1 127.505
27 117 1 127.793
27 118 1 128.078
27 119 1 128.359
27 120 1 128.636
28 80 1 113.975
28 81 1 114.458
28 82 1 114.933
28 83 1 115.401
28 84 1 115.861
28 85 1 116.314
28 86 1 116.76
28 87 1 117.199
28 88 1 117.631
28 89 1 118.057
28 90 1 118.476
28 91 1 118.889
28 92 1 119.295
28 93 1 119.696
28 94 1 120.091
28 95 1 120.479
28 96 1 120.863
28 97 1 121.24
28 98 1 121.612
28 99 1 121.979
28 100 1 122.341
28 101 1 122.698
28 102 1 123.05
28 103 1 123.397
28 104 1 123.739
28 105 1 124.076
28 106 1 124.409
28 107 1 124.737
28 108 1 125.061
28 109 1 125.381
28 110 1 125.696
28 111 1 126.008
28 112 1 126.315
28 113 1 126.618
28 114 1 126.918
28 115 1 127.213
28 116 1 127.505
28 117 1 127.793
28 118 1 128.078
28 119 1 128.359
28 120 1 128.636
29 80 1 113.975
29 81 1 114.458
29 82 1 114.933
29 83 1 115.401
29 84 1 115.861
29 85 1 116.314
29 86 1 116.76
29 87 1 117.199
29 93 1 119.696
29 94 1 120.091
29 95 1 120.479
29 96 1 120.863
29 97 1 121.24
29 98 1 121.612
29 99 1 121.979
29 100 1 122.341
29 101 1 122.698
29 102 1 123.05
29 108 1 125.061
29 109 1 125.381
29 110 1 125.696
29 111 1 126.008
29 112 1 126.315
30 80 1 113.975
30 81 1 114.458
30 82 1 114.933
30 93 1 119.696
30 94 1 120.091
30 95 1 120.479
30 96 1 120.863
30 97 1 121.24
30 98 1 121.612
30 99 1 121.979
30 100 1 122.341
30 101 1 122.698
30 102 1 123.05
30 103 1 123.397
30 104 1 123.739
30 105 1 124.076
30 106 1 124.409
30 107 1 124.737
30 113 1 126.618
30 114 1 126.918
30 115 1 127.213
30 116 1 127.505
30 117 1 127.793
30 118 1 128.078
30 119 1 128.359
30 120 1 128.636
31 80 1 113.975
31 81 1 114.458
31 82 1 114.933
31 88 1 117.631
31 89 1 118.057
31 90 1 118.476
31 91 1 118.889
31 92 1 119.295
31 93 1 119.696
31 94 1 120.091
31 95 1 120.479
31 96 1 120.863
31 97 1 121.24
31 98 1 121.612
31 99 1 121.979
31 100 1 122.341
31 101 1 122.698
31 102 1 123.05
31 103 1 123.397
31 104 1 123.739
31 105 1 124.076
31 106 1 124.409
31 107 1 124.737
31 108 1 125.061
31 109 1 125.381
31 110 1 125.696
31 111 1 126.008
31 112 1 126.315
31 113 1 126.618
31 114 1 126.918
31 115 1 127.213
31 116 1 127.505
31 117 1 127.793
32 80 1 113.975
32 81 1 114.458
32 82 1 114.933
32 88 1 117.631
32 89 1 118.057
32 90 1 118.476
32 91 1 118.889
32 92 1 119.295
32 93 1 119.696
32 94 1 120.091
32 95 1 120.479
32 96 1 120.863
32 97 1 121.24
32 98 1 121.612
32 99 1 121.979
32 100 1 122.341
32 101 1 122.698
32 102 1 123.05
32 103 1 123.397
32 104 1 123.739
32 105 1 124.076
32 106 1 124.409
32 107 1 124.737
32 108 1 125.061
32 109 1 125.381
32 110 1 125.696
32 111 1 126.008
32 112 1 126.315
32 113 1 126.618
32 114 1 126.918
32 115 1 127.213
32 116 1 127.505
32 117 1 127.793
32 118 1 128.078
32 119 1 128.359
32 120 1 128.636
33 80 1 113.975
33 81 1 114.458
33 82 1 114.933
33 83 1 115.401
33 84 1 115.861
33 85 1 116.314
33 86 1 116.76
33 87 1 117.199
33 88 1 117.631
33 89 1 118.057
33 90 1 118.476
33 91 1 118.889
33 92 1 119.295
33 93 1 119.696
33 94 1 120.091
33 95 1 120.479
33 96 1 120.863
33 97 1 121.24
33 98 1 121.612
33 99 1 121.979
33 100 1 122.341
33 101 1 122.698
33 102 1 123.05
33 103 1 123.397
33 104 1 123.739
33 105 1 124.076
33 106 1 124.409
33 107 1 124.737
33 108 1 125.061
33 109 1 125.381
33 110 1 125.696
33 111 1 126.008
33 112 1 126.315
33 113 1 126.618
33 114 1 126.918
33 115 1 127.213
33 116 1 127.505
33 117 1 127.793
34 83 1 115.401
34 84 1 115.861
34 85 1 116.314
34 86 1 116.76
34 87 1 117.199
34 88 1 117.631
34 89 1 118.057
34 90 1 118.476
34 91 1 118.889
34 92 1 119.295
34 93 1 119.696
34 94 1 120.091
34 95 1 120.479
34 96 1 120.863
34 97 1 121.24
34 98 1 121.612
34 99 1 121.979
34 100 1 122.341
34 101 1 122.698
34 102 1 123.05
34 103 1 123.397
34 104 1 123.739
34 105 1 124.076
34 106 1 124.409
34 107 1 124.737
34 108 1 125.061
34 109 1 125.381
34 110 1 125.696
34 111 1 126.008
34 112 1 126.315
34 118 1 128.078
34 119 1 128.359
34 120 1 128.636
35 93 1 119.696
35 94 1 120.091
35 95 1 120.479
35 96 1 120.863
35 97 1 121.24
35 98 1 121.612
35 99 1 121.979
35 100 1 122.341
35 101 1 122.698
35 102 1 123.05
35 103 1 123.397
35 104 1 123.739
35 105 1 124.076
35 106 1 124.409
35 107 1 124.737
35 108 1 125.061
35 109 1 125.381
35 110 1 125.696
35 111 1 126.008
35 112 1 126.315
36 80 1 113.975
36 81 1 114.458
36 82 1 114.933
36 83 1 115.401
36 84 1 115.861
36 85 1 116.314
36 86 1 116.76
36 87 1 117.199
36 88 1 117.631
36 89 1 118.057
36 90 1 118.476
36 91 1 118.889
36 92 1 119.295
36 93 1 119.696
36 94 1 120.091
36 95 1 120.479
36 96 1 120.863
36 97 1 121.24
36 103 1 123.397
36 104 1 123.739
36 105 1 124.076
36 106 1 124.409
36 107 1 124.737
36 108 1 125.061
36 109 1 125.381
36 110 1 125.696
36 111 1 126.008
36 112 1 126.315
36 113 1 126.618
36 114 1 126.918
36 115 1 127.213
36 116 1 127.505
36 117 1 127.793
36 118 1 128.078
36 119 1 128.359
36 120 1 128.636
37 93 1 119.696
37 94 1 120.091
37 95 1 120.479
37 96 1 120.863
37 97 1 121.24
37 98 1 121.612
37 99 1 121.979
37 100 1 122.341
37 101 1 122.698
37 102 1 123.05
37 103 1 123.397
37 104 1 123.739
37 105 1 124.076
37 106 1 124.409
37 107 1 124.737
37 108 1 125.061
37 109 1 125.381
37 110 1 125.696
37 111 1 126.008
37 112 1 126.315
37 113 1 126.618
37 114 1 126.918
37 115 1 127.213
37 116 1 127.505
37 117 1 127.793
37 118 1 128.078
37 119 1 128.359
37 120 1 128.636
38 80 1 113.975
38 81 1 114.458
38 82 1 114.933
38 83 1 115.401
38 84 1 115.861
38 85 1 116.314
38 86 1 116.76
38 87 1 117.199
38 88 1 117.631
38 89 1 118.057
38 90 1 118.476
38 91 1 118.889
38 92 1 119.295
38 93 1 119.696
38 94 1 120.091
38 95 1 120.479
38 96 1 120.863
38 97 1 121.24
38 103 1 123.397
38 104 1 123.739
38 105 1 124.076
38 106 1 124.409
38 107 1 124.737
38 113 1 126.618
38 114 1 126.918
38 115 1 127.213
38 116 1 127.505
38 117 1 127.793
38 118 1 128.078
38 119 1 128.359
38 120 1 128.636
39 80 1 113.975
39 81 1 114.458
39 82 1 114.933
39 88 1 117.631
39 89 1 118.057
39 90 1 118.476
39 91 1 118.889
39 92 1 119.295
39 93 1 119.696
39 94 1 120.091
39 95 1 120.479
39 96 1 120.863
39 97 1 121.24
39 98 1 121.612
39 99 1 121.979
39 100 1 122.341
39 101 1 122.698
39 102 1 123.05
39 103 1 123.397
39 104 1 123.739
39 105 1 124.076
39 106 1 124.409
39 107 1 124.737
39 108 1 125.061
39 109 1 125.381
39 110 1 125.696
39 111 1 126.008
39 112 1 126.315
39 113 1 126.618
39 114 1 126.918
39 115 1 127.213
39 116 1 127.505
39 117 1 127.793
40 80 1 113.975
40 81 1 114.458
40 82 1 114.933
40 83 1 115.401
40 84 1 115.861
40 85 1 116.314
40 86 1 116.76
40 87 1 117.199
40 88 1 117.631
40 89 1 118.057
40 90 1 118.476
40 91 1 118.889
40 92 1 119.295
40 93 1 119.696
40 94 1 120.091
40 95 1 120.479
40 96 1 120.863
40 97 1 121.24
40 103 1 123.397
40 104 1 123.739
40 105 1 124.076
40 106 1 124.409
40 107 1 124.737
40 108 1 125.061
40 109 1 125.381
40 110 1 125.696
40 111 1 126.008
40 112 1 126.315
40 118 1 128.078
40 119 1 128.359
40 120 1 128.636
41 83 1 115.401
41 84 1 115.861
41 85 1 116.314
41 86 1 116.76
41 87 1 117.199
41 88 1 117.631
41 89 1 118.057
41 90 1 118.476
41 91 1 118.889
41 92 1 119.295
41 98 1 121.612
41 99 1 121.979
41 100 1 122.341
41 101 1 122.698
41 102 1 123.05
41 103 1 123.397
41 104 1 123.739
41 105 1 124.076
41 106 1 124.409
41 107 1 124.737
