0.583147 741034
0.583147 742408
0.549898 775243
0.549898 804210
0.549898 805505
0.549898 806821
0.549898 836669
0.549898 838051
0.549898 869098
0.549898 870440
0.549898 871704
0.524786 901552
0.524786 902872
0.524786 904118
0.524786 905486
0.524786 938017
0.524786 968746
0.524786 998335
0.524786 999653
0.524786 1001007
0.414022 1034546
0.414022 1035823
0.414022 1037047
0.414022 1038374
0.414022 1039671
0.414022 1041039
0.414022 1042343
0.414022 1043744
0.414022 1072714
0.414022 1074022
0.414022 1075389
0.414022 1108930
0.414022 1110282
0.414022 1111517
0.393814 1140484
0.393814 1141829
0.393814 1143106
0.393814 1144437
0.393814 1178289
0.393814 1179619
0.393814 1180919
0.374058 1212738
0.374058 1214093
0.374058 1215398
0.374058 1216709
0.374058 1217983
0.374058 1219329
0.374058 1220549
0.374058 1221938
0.374058 1223185
0.374058 1224414
0.374058 1225728
0.374058 1226983
0.344587 1257502
0.344587 1258736
0.344587 1260072
0.344587 1261481
0.344587 1287805
0.344587 1289022
0.344587 1290315
0.344587 1322130
0.344587 1323533
0.344587 1324924
0.344587 1326212
0.344587 1327603
0.344587 1328970
0.344587 1330332
0.344587 1361856
0.344587 1363157
0.344587 1364546
0.344587 1365922
0.344587 1395434
0.344587 1396739
0.2982 1427258
0.2982 1428616
0.2982 1454940
0.2982 1481266
0.2982 1482568
0.279694 1516030
0.19334 1549572
0.19334 1550866
0.19334 1552227
0.19334 1553631
0.19334 1554866
0.19334 1556099
0.19334 1586957
0.19334 1588363
0.19334 1620521
0.19334 1621763
0.19334 1623137
0.19334 1624390
0.19334 1625756
0.19334 1626992
0.19334 1628361
0.19334 1629632
0.19334 1630883
0.19334 1632160
0.19334 1633425
0.19334 1663024
0.19334 1664285
0.19334 1665542
0.19334 1666917
0.19334 1700458
0.19334 1701815
