0.808594 292811
0.808594 300307
0.808594 301541
0.808594 302743
0.808594 302898
0.808594 304159
0.808594 326007
0.808594 327338
0.416667 330071
0.416667 331414
0.416667 357913
0.416667 359166
0.416667 359844
0.416667 360408
0.416667 361789
0.416667 363162
0.416667 374926
0.416667 381314
0.416667 392873
0.333333 403611
0.333333 404902
0.333333 406318
0.333333 418463
0.333333 426487
0.333333 427866
0.333333 448451
0.333333 449696
0.333333 450580
0.204082 468114
0.204082 469096
0.178571 491602
0.178571 495841
0.178571 497122
0.178571 523432
0.178571 524636
0.178571 525914
0.178571 527305
0.178571 552413
0.111111 559432
0.111111 560675
0.111111 562098
0.111111 563347
0.111111 564661
0.111111 565957
0.111111 567344
0.111111 568765
0.111111 570147
0.111111 585799
0.111111 587131
0.10101 602316
0.10101 619836
0.0714286 633354
0.0714286 634744
0.0714286 652803
0.0714286 654197
0.0714286 655558
0.0714286 656814
0.0714286 658146
0.0714286 665490
0.0714286 688508
