1.32378 314984
1.32378 315822
1.32378 316303
1.32378 317152
1.32378 317569
1.32378 318522
1.32378 319805
1.32378 339141
1.32378 344944
1.32378 346235
1.32378 347628
0.576562 360364
0.576562 377233
0.576562 380866
0.576562 399162
0.333333 399634
0.208333 421493
0.208333 423077
0.208333 444517
0.208333 448648
0.208333 465915
0.166667 475748
0.151515 496707
0.151515 498073
0.151515 499315
0.151515 500646
0.151515 502044
0.151515 508722
0.151515 510067
0.151515 511344
0.151515 512643
0.151515 513988
0.151515 515329
0.151515 535603
0.151515 536877
0.151515 538169
0.151515 539486
0.151515 540737
0.128205 549349
0.128205 550641
0.128205 551996
0.128205 553310
0.128205 574307
0.128205 575741
0.0961538 585708
0.0961538 587085
0.0961538 588433
0.0961538 589832
0.0961538 591190
0.0961538 592580
0.0961538 593947
0.0961538 595363
0.0961538 596653
0.0961538 608745
0.0961538 623842
0.0961538 625257
0.0769231 642768
0.0769231 644024
0.0769231 645308
0.0769231 646661
0.0769231 653956
0.0740741 679637
0.0740741 681044
0.0740741 682422
0.0740741 683703
