0.359375 187350
0.359375 189329
0.359375 190577
0.333333 198949
0.333333 200067
0.333333 200276
0.333333 201412
0.333333 201642
0.333333 213221
0.333333 214531
0.333333 217556
0.333333 218587
0.285714 222072
0.285714 223430
0.285714 224779
0.285714 226201
0.285714 227586
0.285714 232417
0.285714 233826
0.285714 242753
0.285714 249078
0.285714 249641
0.285714 250340
0.285714 251663
0.285714 253067
0.285714 255563
0.15873 262407
0.15873 263789
0.15873 265045
0.15873 266312
0.15873 267597
0.15873 268882
0.15873 269284
0.15873 272379
0.15873 273781
0.15873 275188
0.15873 276051
0.15873 276537
0.15873 277415
0.15873 277794
0.138889 291156
