0.646875 573928
0.646875 575321
0.646875 602301
0.646875 603638
0.646875 604951
0.646875 606310
0.646875 607566
0.646875 608886
0.646875 610303
0.646875 611599
0.646875 612881
0.646875 614265
0.646875 615497
0.646875 616750
0.646875 618040
0.584891 649654
0.584891 650984
0.584891 652326
0.584891 653708
0.584891 686204
0.204082 704610
0.123457 725995
0.123457 727252
0.123457 750262
0.123457 772112
0.10101 797356
0.10101 820671
0.0714286 851703
0.0714286 884664
0.0714286 885933
0.0714286 887200
0.0714286 888621
0.0714286 917724
0.0714286 919111
0.0714286 920503
0.0714286 921791
0.0714286 923148
0.0714286 924415
0.0714286 957378
0.0714286 958752
0.0714286 987857
0.0714286 989196
0.0714286 990568
0.0714286 991953
0.0714286 993303
0.0714286 994616
0.0714286 996015
0.0714286 997303
0.0714286 998585
0.0714286 1000006
0.0714286 1024084
0.0714286 1051844
0.0714286 1053154
0.0714286 1054492
0.0714286 1055835
0.0714286 1057218
0.0714286 1058613
0.0714286 1059999
0.0714286 1077531
0.0714286 1078816
